#include <SPI.h>
#include<SD.h>
#define PI 3.1415926535897932384626433832795
/*https://archive.physionet.org/cgi-bin/atm/ATM */
void dft(const double inrealn[],double outreal[],double outimg[],double magi[],size_t n);//for n
number of samples
float maxi(float a, float b);
double
inreal[7500]={0.189,0.201,0.22,0.252,0.297,0.353,0.417,0.488,0.555,0.613,0.661,0.702,0.734,0.759,0.773,0.781,0.784,0.782,0.774,0.762,0.748,0.729,
0.709,0.686,0.662,0.638,0.618,0.598,0.579,0.558,0.537,0.516,0.497,0.477,0.459,0.443,0.426,0.41,0.393,0.377,0.364,0.344,0.326,0.315,0.3,0.286,0.275,0.265,0.
255,0.245,0.237,0.228,0.221,0.213,0.205,0.198,0.193,0.189,0.185,0.183,0.18,0.178,0.175,0.171,0.169,0.168,0.166,0.164,0.162,0.16,0.16,0.161,0.163,0.165,0.1
67,0.168,0.17,0.172,0.173,0.174,0.176,0.178,0.18,0.182,0.183,0.185,0.187,0.189,0.191,0.194,0.196,0.199,0.201,0.202,0.201,0.2,0.199,0.2,0.208,0.225,0.252,0.
284,0.325,0.377,0.44,0.507,0.576,0.64,0.7,0.751,0.791,0.821,0.841,0.849,0.849,0.845,0.834,0.819,0.803,0.782,0.761,0.736,0.71,0.682,0.654,0.627,0.602,0.581,
0.558,0.536,0.514,0.494,0.473,0.452,0.431,0.413,0.395,0.378,0.366,0.357,0.348,0.34,0.331,0.322,0.313,0.303,0.293,0.283,0.275,0.266,0.259,0.254,0.251,0.247
,0.242,0.239,0.237,0.235,0.233,0.231,0.227,0.223,0.219,0.215,0.213,0.209,0.205,0.202,0.199,0.197,0.196,0.196,0.196,0.196,0.198,0.202,0.206,0.209,0.212,0.2
13,0.214,0.213,0.212,0.21,0.209,0.208,0.208,0.208,0.208,0.209,0.209,0.21,0.21,0.21,0.21,0.211,0.214,0.22,0.232,0.25,0.279,0.309,0.344,0.393,0.45,0.512,0.57
6,0.636,0.691,0.738,0.775,0.803,0.819,0.826,0.824,0.817,0.805,0.789,0.769,0.748,0.724,0.698,0.673,0.646,0.621,0.594,0.57,0.548,0.525,0.503,0.482,0.462,0.4
44,0.426,0.409,0.389,0.368,0.347,0.329,0.314,0.296,0.281,0.268,0.256,0.241,0.228,0.218,0.207,0.198,0.189,0.18,0.173,0.167,0.161,0.155,0.15,0.145,0.142,0.1
4,0.14,0.141,0.142,0.143,0.176,0.224,0.248,0.259,0.265,0.267,0.266,0.266,0.266,0.266,0.267,0.267,0.269,0.27,0.27,0.27,0.27,0.269,0.269,0.269,0.269,0.27,0.2
71,0.271,0.273,0.274,0.275,0.274,0.273,0.272,0.271,0.272,0.274,0.283,0.302,0.33,0.367,0.403,0.44,0.484,0.53,0.576,0.617,0.653,0.682,0.705,0.72,0.729,0.732,
0.73,0.723,0.715,0.703,0.688,0.673,0.655,0.637,0.62,0.602,0.585,0.567,0.55,0.537,0.524,0.51,0.497,0.484,0.472,0.46,0.45,0.44,0.43,0.421,0.413,0.405,0.399,0.
393,0.388,0.383,0.379,0.374,0.369,0.363,0.358,0.353,0.349,0.347,0.345,0.342,0.339,0.337,0.334,0.331,0.328,0.326,0.325,0.323,0.321,0.318,0.316,0.314,0.312,
0.309,0.307,0.305,0.303,0.302,0.3,0.299,0.298,0.298,0.3,0.301,0.303,0.304,0.305,0.305,0.304,0.303,0.302,0.301,0.3,0.301,0.302,0.303,0.304,0.305,0.305,0.305
,0.306,0.308,0.315,0.327,0.349,0.379,0.418,0.456,0.497,0.543,0.591,0.637,0.679,0.715,0.743,0.764,0.778,0.785,0.787,0.783,0.776,0.765,0.754,0.738,0.72,0.70
1,0.679,0.658,0.636,0.615,0.595,0.576,0.559,0.545,0.531,0.515,0.5,0.487,0.474,0.462,0.451,0.44,0.428,0.416,0.406,0.396,0.387,0.378,0.37,0.362,0.356,0.351,0
.348,0.345,0.342,0.339,0.337,0.334,0.333,0.33,0.327,0.326,0.324,0.322,0.319,0.317,0.314,0.311,0.307,0.304,0.302,0.301,0.3,0.299,0.297,0.296,0.294,0.293,0.2
9,0.287,0.283,0.281,0.279,0.279,0.278,0.277,0.276,0.276,0.275,0.274,0.273,0.27,0.267,0.263,0.26,0.259,0.26,0.262,0.268,0.281,0.302,0.331,0.369,0.414,0.464,
0.517,0.571,0.615,0.652,0.688,0.719,0.744,0.761,0.771,0.776,0.775,0.771,0.763,0.753,0.74,0.726,0.712,0.694,0.675,0.655,0.634,0.605,0.573,0.549,0.532,0.516
,0.503,0.492,0.483,0.474,0.467,0.46,0.455,0.449,0.442,0.435,0.429,0.422,0.416,0.412,0.407,0.402,0.396,0.391,0.386,0.381,0.375,0.37,0.365,0.36,0.355,0.35,0.
346,0.342,0.338,0.334,0.33,0.326,0.324,0.322,0.321,0.319,0.318,0.317,0.315,0.313,0.312,0.31,0.308,0.306,0.304,0.303,0.301,0.3,0.299,0.298,0.297,0.297,0.29
7,0.296,0.295,0.293,0.291,0.289,0.287,0.286,0.285,0.284,0.283,0.282,0.282,0.282,0.285,0.295,0.311,0.334,0.366,0.403,0.445,0.488,0.53,0.57,0.602,0.627,0.65
1,0.671,0.685,0.696,0.701,0.701,0.697,0.688,0.677,0.666,0.653,0.64,0.626,0.611,0.596,0.58,0.564,0.548,0.533,0.518,0.504,0.492,0.481,0.472,0.464,0.456,0.44
8,0.44,0.431,0.423,0.415,0.407,0.399,0.392,0.384,0.378,0.373,0.368,0.362,0.356,0.351,0.346,0.342,0.338,0.335,0.332,0.33,0.327,0.326,0.325,0.323,0.32,0.318,
0.315,0.313,0.31,0.307,0.305,0.302,0.301,0.3,0.299,0.299,0.298,0.297,0.296,0.295,0.293,0.29,0.288,0.285,0.283,0.281,0.28,0.279,0.276,0.274,0.273,0.273,0.27
3,0.273,0.273,0.272,0.271,0.27,0.271,0.273,0.279,0.289,0.307,0.331,0.363,0.399,0.44,0.481,0.522,0.559,0.592,0.618,0.636,0.654,0.668,0.676,0.68,0.681,0.677,
0.67,0.659,0.646,0.632,0.619,0.605,0.59,0.576,0.561,0.546,0.533,0.52,0.508,0.497,0.487,0.477,0.467,0.46,0.453,0.446,0.44,0.433,0.427,0.421,0.415,0.411,0.40
5,0.4,0.396,0.392,0.388,0.383,0.378,0.372,0.366,0.36,0.355,0.35,0.346,0.341,0.337,0.333,0.33,0.327,0.326,0.324,0.322,0.321,0.319,0.318,0.316,0.314,0.312,0.
311,0.309,0.308,0.306,0.304,0.301,0.299,0.298,0.297,0.295,0.294,0.293,0.292,0.29,0.3,0.314,0.32,0.322,0.322,0.321,0.32,0.32,0.32,0.32,0.32,0.321,0.324,0.32
8,0.337,0.353,0.373,0.401,0.433,0.468,0.504,0.541,0.575,0.605,0.628,0.644,0.659,0.67,0.677,0.681,0.682,0.679,0.674,0.667,0.656,0.644,0.631,0.619,0.607,0.5
94,0.581,0.567,0.553,0.541,0.529,0.517,0.506,0.497,0.489,0.481,0.475,0.47,0.465,0.459,0.455,0.45,0.444,0.439,0.435,0.43,0.425,0.42,0.416,0.413,0.41,0.406,0
.401,0.397,0.392,0.388,0.383,0.379,0.375,0.372,0.37,0.369,0.367,0.364,0.362,0.359,0.356,0.353,0.352,0.35,0.348,0.346,0.345,0.343,0.342,0.342,0.341,0.34,0.3
39,0.338,0.337,0.335,0.333,0.331,0.329,0.327,0.326,0.326,0.326,0.326,0.326,0.326,0.326,0.326,0.326,0.33,0.337,0.349,0.364,0.382,0.407,0.435,0.467,0.5,0.53
2,0.561,0.588,0.611,0.63,0.645,0.655,0.661,0.664,0.665,0.664,0.66,0.654,0.647,0.638,0.629,0.618,0.606,0.593,0.581,0.569,0.557,0.545,0.535,0.525,0.516,0.50
8,0.5,0.493,0.486,0.48,0.474,0.468,0.462,0.456,0.45,0.443,0.436,0.429,0.422,0.415,0.409,0.402,0.395,0.39,0.385,0.38,0.375,0.37,0.365,0.359,0.354,0.349,0.34
4,0.339,0.335,0.332,0.33,0.328,0.326,0.325,0.323,0.322,0.32,0.318,0.315,0.313,0.31,0.307,0.305,0.304,0.302,0.3,0.298,0.296,0.294,0.292,0.291,0.29,0.289,0.2
88,0.288,0.288,0.288,0.287,0.284,0.282,0.279,0.276,0.276,0.279,0.287,0.301,0.32,0.341,0.364,0.392,0.424,0.456,0.489,0.518,0.544,0.566,0.585,0.597,0.607,0.
612,0.613,0.613,0.61,0.606,0.6,0.592,0.584,0.574,0.562,0.55,0.538,0.525,0.514,0.503,0.493,0.482,0.471,0.461,0.453,0.446,0.439,0.433,0.428,0.422,0.418,0.41
3,0.408,0.402,0.395,0.389,0.382,0.388,0.401,0.404,0.403,0.4,0.397,0.394,0.39,0.387,0.384,0.381,0.378,0.375,0.372,0.369,0.366,0.362,0.359,0.358,0.357,0.356,
0.356,0.356,0.355,0.355,0.353,0.352,0.35,0.348,0.346,0.345,0.344,0.342,0.34,0.338,0.337,0.336,0.335,0.334,0.333,0.332,0.332,0.331,0.331,0.332,0.332,0.332,
0.332,0.332,0.332,0.332,0.333,0.338,0.347,0.36,0.374,0.392,0.414,0.439,0.464,0.489,0.512,0.533,0.549,0.563,0.574,0.582,0.587,0.589,0.589,0.588,0.586,0.581
,0.576,0.569,0.562,0.554,0.546,0.538,0.528,0.52,0.512,0.504,0.496,0.488,0.481,0.474,0.468,0.463,0.458,0.455,0.451,0.446,0.443,0.439,0.434,0.43,0.425,0.42,0
.416,0.412,0.408,0.404,0.4,0.396,0.393,0.39,0.387,0.384,0.381,0.378,0.376,0.374,0.373,0.371,0.37,0.369,0.367,0.365,0.363,0.361,0.359,0.358,0.357,0.356,0.35
5,0.353,0.352,0.35,0.348,0.347,0.347,0.346,0.345,0.343,0.342,0.342,0.341,0.34,0.339,0.338,0.337,0.337,0.336,0.336,0.336,0.335,0.335,0.335,0.336,0.338,0.34
4,0.352,0.364,0.379,0.396,0.413,0.435,0.458,0.483,0.506,0.528,0.546,0.561,0.573,0.582,0.587,0.59,0.59,0.589,0.587,0.583,0.578,0.572,0.566,0.559,0.551,0.54
3,0.536,0.528,0.52,0.513,0.506,0.5,0.493,0.487,0.48,0.475,0.47,0.466,0.462,0.458,0.456,0.453,0.45,0.447,0.443,0.439,0.436,0.432,0.427,0.423,0.418,0.413,0.4
1,0.407,0.405,0.403,0.401,0.398,0.395,0.392,0.39,0.387,0.384,0.382,0.38,0.378,0.377,0.376,0.375,0.374,0.373,0.372,0.371,0.37,0.37,0.368,0.367,0.365,0.365,0
.364,0.364,0.364,0.363,0.362,0.36,0.359,0.359,0.358,0.357,0.356,0.356,0.356,0.356,0.356,0.356,0.357,0.358,0.361,0.366,0.373,0.384,0.4,0.419,0.439,0.47,0.51
1,0.547,0.58,0.607,0.63,0.649,0.665,0.675,0.683,0.687,0.687,0.685,0.682,0.677,0.671,0.663,0.654,0.645,0.635,0.625,0.615,0.604,0.594,0.586,0.577,0.569,0.56
1,0.553,0.546,0.54,0.533,0.526,0.52,0.514,0.509,0.506,0.502,0.5,0.496,0.491,0.486,0.48,0.474,0.468,0.462,0.457,0.453,0.449,0.446,0.442,0.438,0.434,0.431,0.
427,0.424,0.421,0.418,0.415,0.413,0.411,0.409,0.407,0.406,0.404,0.402,0.4,0.398,0.396,0.394,0.392,0.39,0.389,0.388,0.388,0.388,0.387,0.385,0.383,0.382,0.3
8,0.378,0.377,0.377,0.376,0.376,0.376,0.376,0.375,0.375,0.374,0.375,0.378,0.385,0.397,0.413,0.433,0.457,0.485,0.51,0.535,0.561,0.588,0.614,0.636,0.655,0.6
7,0.681,0.688,0.692,0.693,0.691,0.687,0.683,0.676,0.67,0.661,0.652,0.642,0.632,0.623,0.612,0.602,0.591,0.584,0.576,0.568,0.561,0.554,0.547,0.541,0.535,0.5
28,0.522,0.516,0.51,0.505,0.501,0.497,0.492,0.487,0.482,0.476,0.47,0.464,0.459,0.455,0.451,0.447,0.444,0.442,0.438,0.435,0.432,0.428,0.424,0.421,0.418,0.4
15,0.413,0.411,0.41,0.409,0.408,0.406,0.404,0.402,0.399,0.397,0.395,0.393,0.393,0.392,0.391,0.391,0.391,0.389,0.388,0.386,0.385,0.383,0.381,0.379,0.378,0.
378,0.377,0.377,0.377,0.377,0.377,0.378,0.381,0.387,0.398,0.414,0.435,0.459,0.489,0.515,0.54,0.567,0.593,0.619,0.639,0.657,0.671,0.68,0.686,0.69,0.69,0.68
8,0.684,0.678,0.672,0.663,0.654,0.644,0.634,0.624,0.613,0.603,0.592,0.583,0.575,0.567,0.559,0.552,0.545,0.541,0.536,0.531,0.526,0.521,0.516,0.51,0.504,0.4
99,0.494,0.49,0.484,0.479,0.473,0.467,0.461,0.456,0.451,0.446,0.441,0.438,0.435,0.432,0.429,0.426,0.424,0.421,0.418,0.404,0.384,0.373,0.368,0.363,0.361,0.
359,0.358,0.356,0.354,0.352,0.349,0.347,0.344,0.341,0.339,0.337,0.335,0.334,0.333,0.332,0.332,0.331,0.331,0.331,0.331,0.33,0.329,0.328,0.326,0.326,0.326,0
.326,0.326,0.329,0.334,0.343,0.358,0.377,0.403,0.432,0.464,0.492,0.518,0.544,0.571,0.594,0.614,0.63,0.643,0.651,0.656,0.657,0.656,0.652,0.647,0.64,0.632,0.
625,0.615,0.604,0.592,0.582,0.57,0.559,0.548,0.539,0.53,0.523,0.516,0.51,0.504,0.5,0.496,0.492,0.487,0.483,0.478,0.472,0.466,0.46,0.455,0.449,0.444,0.439,0
.434,0.429,0.424,0.42,0.414,0.41,0.406,0.402,0.399,0.396,0.393,0.39,0.387,0.385,0.382,0.38,0.378,0.377,0.375,0.374,0.372,0.371,0.37,0.368,0.365,0.363,0.361
,0.359,0.357,0.355,0.353,0.351,0.35,0.349,0.348,0.347,0.346,0.345,0.345,0.344,0.344,0.343,0.341,0.34,0.338,0.337,0.337,0.336,0.338,0.342,0.351,0.365,0.384,
0.409,0.438,0.469,0.502,0.531,0.556,0.584,0.607,0.627,0.642,0.653,0.661,0.666,0.668,0.667,0.664,0.659,0.653,0.646,0.637,0.628,0.617,0.606,0.594,0.584,0.57
3,0.562,0.553,0.544,0.537,0.531,0.525,0.519,0.513,0.508,0.502,0.498,0.493,0.489,0.483,0.478,0.473,0.468,0.462,0.456,0.451,0.445,0.44,0.435,0.43,0.425,0.42
1,0.417,0.413,0.411,0.408,0.404,0.401,0.397,0.393,0.391,0.389,0.387,0.385,0.383,0.38,0.379,0.377,0.375,0.373,0.372,0.37,0.37,0.369,0.367,0.365,0.363,0.36,0
.358,0.357,0.356,0.356,0.356,0.356,0.356,0.354,0.353,0.351,0.349,0.347,0.346,0.346,0.347,0.348,0.352,0.359,0.37,0.387,0.41,0.436,0.467,0.5,0.532,0.562,0.58
7,0.608,0.628,0.644,0.659,0.669,0.676,0.679,0.68,0.678,0.674,0.669,0.662,0.654,0.648,0.642,0.632,0.621,0.608,0.595,0.583,0.571,0.558,0.547,0.537,0.528,0.5
21,0.515,0.509,0.503,0.498,0.493,0.487,0.481,0.475,0.468,0.462,0.456,0.451,0.444,0.437,0.43,0.423,0.416,0.41,0.404,0.398,0.393,0.388,0.383,0.38,0.377,0.37
4,0.371,0.37,0.367,0.363,0.36,0.356,0.352,0.348,0.344,0.342,0.341,0.341,0.34,0.339,0.338,0.337,0.335,0.333,0.332,0.33,0.329,0.328,0.327,0.327,0.326,0.325,0
.324,0.323,0.322,0.32,0.318,0.316,0.314,0.313,0.313,0.315,0.322,0.332,0.348,0.37,0.398,0.43,0.465,0.501,0.539,0.573,0.604,0.629,0.646,0.664,0.677,0.687,0.6
94,0.696,0.694,0.689,0.683,0.675,0.668,0.658,0.648,0.637,0.626,0.614,0.601,0.589,0.578,0.566,0.556,0.546,0.537,0.528,0.52,0.513,0.507,0.501,0.495,0.488,0.
481,0.474,0.468,0.461,0.455,0.449,0.443,0.438,0.431,0.424,0.417,0.41,0.403,0.396,0.39,0.385,0.381,0.377,0.374,0.372,0.37,0.367,0.365,0.362,0.36,0.358,0.35
6,0.354,0.351,0.349,0.347,0.346,0.345,0.345,0.344,0.343,0.342,0.34,0.339,0.337,0.335,0.333,0.331,0.33,0.329,0.327,0.326,0.325,0.325,0.325,0.324,0.324,0.32
4,0.324,0.324,0.325,0.327,0.332,0.341,0.356,0.376,0.404,0.436,0.472,0.51,0.548,0.585,0.617,0.642,0.661,0.677,0.691,0.701,0.708,0.711,0.71,0.706,0.7,0.691,0
.68,0.671,0.66,0.649,0.638,0.627,0.614,0.602,0.589,0.578,0.566,0.556,0.546,0.537,0.529,0.521,0.515,0.509,0.503,0.498,0.492,0.486,0.479,0.472,0.465,0.458,0.
452,0.445,0.439,0.432,0.426,0.42,0.414,0.41,0.405,0.4,0.396,0.391,0.387,0.383,0.38,0.376,0.373,0.37,0.368,0.365,0.363,0.36,0.357,0.355,0.353,0.351,0.35,0.3
49,0.347,0.344,0.341,0.339,0.337,0.336,0.326,0.309,0.3,0.294,0.29,0.288,0.285,0.283,0.28,0.279,0.278,0.277,0.277,0.277,0.277,0.277,0.279,0.283,0.291,0.307,
0.329,0.359,0.395,0.435,0.477,0.52,0.561,0.598,0.63,0.655,0.672,0.687,0.698,0.706,0.709,0.709,0.707,0.701,0.694,0.684,0.673,0.66,0.646,0.632,0.619,0.605,0.
591,0.579,0.567,0.556,0.545,0.536,0.528,0.52,0.512,0.505,0.499,0.493,0.486,0.48,0.473,0.466,0.458,0.453,0.446,0.439,0.432,0.425,0.42,0.415,0.41,0.404,0.39
9,0.394,0.388,0.382,0.376,0.372,0.368,0.364,0.361,0.358,0.354,0.351,0.348,0.345,0.342,0.339,0.336,0.333,0.329,0.326,0.324,0.322,0.32,0.317,0.315,0.313,0.3
12,0.31,0.309,0.308,0.306,0.305,0.304,0.303,0.302,0.3,0.298,0.296,0.294,0.293,0.292,0.292,0.294,0.298,0.306,0.317,0.334,0.359,0.391,0.429,0.47,0.514,0.557,
0.598,0.635,0.667,0.692,0.709,0.718,0.726,0.73,0.73,0.727,0.723,0.717,0.709,0.698,0.686,0.672,0.658,0.643,0.629,0.614,0.599,0.586,0.574,0.563,0.553,0.544,
0.536,0.528,0.521,0.513,0.507,0.5,0.493,0.484,0.476,0.468,0.459,0.452,0.444,0.436,0.429,0.422,0.416,0.411,0.405,0.398,0.392,0.385,0.379,0.373,0.367,0.36,0.
353,0.348,0.343,0.34,0.337,0.335,0.333,0.33,0.327,0.324,0.32,0.317,0.313,0.311,0.31,0.309,0.308,0.307,0.306,0.303,0.301,0.299,0.298,0.297,0.297,0.296,0.29
4,0.293,0.292,0.289,0.287,0.284,0.282,0.28,0.279,0.278,0.281,0.285,0.296,0.31,0.328,0.355,0.389,0.428,0.472,0.516,0.559,0.599,0.635,0.666,0.69,0.71,0.721,0
.727,0.731,0.731,0.728,0.723,0.717,0.707,0.696,0.684,0.671,0.655,0.64,0.626,0.61,0.593,0.579,0.565,0.553,0.543,0.535,0.527,0.519,0.512,0.504,0.498,0.492,0.
483,0.472,0.461,0.453,0.443,0.434,0.424,0.414,0.406,0.397,0.39,0.384,0.377,0.37,0.365,0.359,0.353,0.347,0.341,0.336,0.33,0.326,0.32,0.317,0.314,0.31,0.307,
0.304,0.301,0.297,0.294,0.29,0.285,0.283,0.28,0.278,0.276,0.274,0.273,0.271,0.269,0.266,0.265,0.263,0.261,0.259,0.258,0.257,0.257,0.258,0.256,0.254,0.252,
0.249,0.245,0.242,0.242,0.247,0.258,0.277,0.299,0.326,0.361,0.403,0.45,0.499,0.545,0.59,0.63,0.664,0.69,0.711,0.724,0.731,0.734,0.733,0.73,0.724,0.716,0.70
5,0.694,0.681,0.668,0.653,0.637,0.623,0.608,0.592,0.577,0.562,0.547,0.534,0.522,0.511,0.5,0.492,0.484,0.478,0.471,0.462,0.454,0.446,0.437,0.429,0.42,0.413,
0.404,0.396,0.387,0.379,0.372,0.367,0.361,0.356,0.35,0.344,0.339,0.334,0.329,0.324,0.318,0.312,0.308,0.305,0.302,0.298,0.295,0.292,0.288,0.284,0.281,0.278
,0.275,0.273,0.271,0.27,0.27,0.268,0.267,0.265,0.263,0.261,0.259,0.256,0.253,0.251,0.248,0.246,0.246,0.245,0.245,0.245,0.245,0.244,0.243,0.243,0.245,0.252,
0.265,0.285,0.309,0.337,0.373,0.416,0.463,0.51,0.556,0.598,0.634,0.664,0.687,0.704,0.713,0.717,0.717,0.716,0.71,0.701,0.691,0.679,0.667,0.653,0.638,0.624,
0.608,0.593,0.579,0.564,0.549,0.535,0.521,0.508,0.499,0.49,0.483,0.477,0.47,0.464,0.458,0.451,0.443,0.434,0.426,0.418,0.411,0.403,0.395,0.387,0.379,0.371,
0.366,0.36,0.354,0.349,0.343,0.337,0.332,0.327,0.324,0.32,0.316,0.312,0.309,0.306,0.303,0.299,0.295,0.292,0.289,0.287,0.285,0.283,0.281,0.278,0.275,0.274,
0.273,0.272,0.27,0.269,0.267,0.265,0.263,0.262,0.26,0.26,0.26,0.26,0.261,0.262,0.261,0.26,0.258,0.257,0.256,0.258,0.268,0.285,0.308,0.337,0.369,0.402,0.444
,0.49,0.538,0.584,0.626,0.663,0.693,0.717,0.735,0.746,0.751,0.751,0.748,0.743,0.736,0.726,0.715,0.703,0.689,0.674,0.66,0.645,0.63,0.616,0.602,0.588,0.576,0
.563,0.551,0.54,0.529,0.519,0.51,0.502,0.496,0.489,0.483,0.476,0.467,0.457,0.448,0.438,0.428,0.418,0.41,0.401,0.392,0.385,0.378,0.372,0.367,0.361,0.355,0.3
5,0.344,0.339,0.334,0.33,0.327,0.325,0.323,0.321,0.319,0.315,0.312,0.308,0.304,0.301,0.298,0.294,0.291,0.288,0.286,0.285,0.283,0.283,0.282,0.281,0.279,0.2
78,0.277,0.275,0.274,0.272,0.271,0.27,0.269,0.268,0.267,0.266,0.265,0.266,0.27,0.278,0.291,0.312,0.341,0.37,0.403,0.444,0.491,0.54,0.587,0.631,0.67,0.702,0
.726,0.745,0.757,0.762,0.763,0.76,0.755,0.748,0.739,0.728,0.717,0.703,0.688,0.672,0.654,0.637,0.622,0.607,0.592,0.579,0.566,0.554,0.544,0.535,0.526,0.515,
0.505,0.496,0.486,0.477,0.469,0.46,0.454,0.447,0.441,0.433,0.425,0.417,0.41,0.401,0.392,0.384,0.377,0.37,0.365,0.358,0.353,0.347,0.341,0.336,0.331,0.327,0.
326,0.323,0.321,0.319,0.317,0.315,0.312,0.309,0.306,0.303,0.299,0.295,0.291,0.287,0.285,0.283,0.283,0.282,0.282,0.282,0.28,0.278,0.276,0.273,0.27,0.268,0.
266,0.264,0.264,0.262,0.26,0.258,0.258,0.261,0.268,0.281,0.301,0.33,0.366,0.4,0.436,0.479,0.523,0.568,0.61,0.648,0.681,0.708,0.728,0.741,0.749,0.751,0.749,
0.744,0.738,0.729,0.718,0.706,0.691,0.676,0.661,0.644,0.629,0.612,0.597,0.585,0.571,0.558,0.546,0.535,0.523,0.512,0.501,0.493,0.484,0.476,0.468,0.46,0.455
,0.447,0.439,0.431,0.422,0.414,0.406,0.398,0.39,0.382,0.374,0.369,0.364,0.358,0.35,0.341,0.334,0.328,0.324,0.32,0.316,0.312,0.309,0.307,0.306,0.304,0.302,0
.3,0.296,0.291,0.285,0.28,0.276,0.273,0.272,0.272,0.273,0.274,0.274,0.273,0.272,0.269,0.265,0.262,0.259,0.257,0.255,0.253,0.251,0.25,0.248,0.246,0.244,0.24
3,0.243,0.246,0.254,0.268,0.287,0.315,0.349,0.383,0.419,0.46,0.504,0.546,0.587,0.622,0.651,0.673,0.69,0.702,0.709,0.71,0.708,0.701,0.693,0.682,0.671,0.657,
0.643,0.629,0.614,0.599,0.585,0.569,0.556,0.544,0.533,0.522,0.512,0.503,0.496,0.488,0.48,0.472,0.463,0.454,0.446,0.44,0.434,0.428,0.422,0.415,0.409,0.402,
0.395,0.387,0.38,0.373,0.367,0.362,0.358,0.353,0.348,0.343,0.337,0.332,0.327,0.325,0.321,0.319,0.317,0.316,0.315,0.314,0.313,0.311,0.308,0.305,0.302,0.298
,0.294,0.29,0.286,0.283,0.281,0.28,0.278,0.277,0.275,0.275,0.274,0.274,0.274,0.274,0.274,0.274,0.273,0.273,0.271,0.27,0.269,0.269,0.271,0.277,0.288,0.307,0
.333,0.368,0.409,0.447,0.485,0.528,0.571,0.613,0.651,0.683,0.709,0.727,0.74,0.747,0.748,0.745,0.738,0.73,0.72,0.71,0.698,0.684,0.671,0.655,0.638,0.623,0.60
6,0.589,0.576,0.563,0.55,0.54,0.529,0.52,0.513,0.506,0.5,0.492,0.485,0.477,0.469,0.46,0.451,0.44,0.43,0.42,0.412,0.404,0.396,0.389,0.382,0.374,0.368,0.361,0
.356,0.349,0.342,0.335,0.33,0.326,0.322,0.319,0.316,0.314,0.311,0.309,0.307,0.305,0.303,0.301,0.298,0.296,0.294,0.291,0.289,0.286,0.283,0.281,0.278,0.276,
0.274,0.271,0.269,0.267,0.265,0.264,0.263,0.262,0.26,0.257,0.256,0.255,0.253,0.25,0.248,0.248,0.252,0.261,0.277,0.301,0.334,0.373,0.412,0.451,0.497,0.543,
0.588,0.63,0.665,0.694,0.716,0.73,0.739,0.741,0.74,0.735,0.728,0.72,0.71,0.698,0.685,0.671,0.656,0.641,0.626,0.61,0.595,0.582,0.57,0.558,0.546,0.535,0.525,
0.516,0.508,0.5,0.493,0.486,0.478,0.469,0.461,0.454,0.446,0.436,0.426,0.417,0.409,0.401,0.394,0.387,0.381,0.374,0.37,0.365,0.359,0.353,0.347,0.341,0.336,0.
331,0.327,0.325,0.322,0.319,0.316,0.313,0.31,0.308,0.306,0.304,0.303,0.301,0.3,0.298,0.295,0.29,0.285,0.282,0.28,0.277,0.275,0.273,0.272,0.27,0.269,0.268,0
.267,0.266,0.265,0.264,0.263,0.262,0.26,0.259,0.259,0.26,0.267,0.279,0.296,0.322,0.354,0.392,0.429,0.466,0.508,0.551,0.592,0.63,0.662,0.688,0.706,0.717,0.7
23,0.725,0.723,0.719,0.713,0.705,0.695,0.683,0.671,0.656,0.64,0.624,0.608,0.592,0.577,0.563,0.551,0.54,0.528,0.517,0.506,0.498,0.489,0.482,0.475,0.469,0.4
62,0.455,0.449,0.442,0.433,0.423,0.413,0.405,0.396,0.387,0.38,0.373,0.367,0.361,0.357,0.353,0.347,0.342,0.336,0.33,0.326,0.322,0.318,0.315,0.312,0.309,0.3
05,0.302,0.3,0.297,0.294,0.291,0.287,0.284,0.282,0.279,0.276,0.274,0.271,0.269,0.268,0.266,0.264,0.261,0.258,0.255,0.254,0.253,0.253,0.252,0.251,0.25,0.24
9,0.248,0.246,0.244,0.243,0.243,0.247,0.255,0.27,0.291,0.322,0.359,0.396,0.432,0.475,0.519,0.561,0.598,0.63,0.657,0.675,0.689,0.698,0.701,0.7,0.696,0.689,0
.681,0.671,0.659,0.646,0.632,0.618,0.602,0.587,0.573,0.558,0.546,0.537,0.526,0.516,0.506,0.497,0.488,0.48,0.472,0.464,0.456,0.449,0.443,0.438,0.431,0.425,
0.418,0.411,0.402,0.393,0.384,0.375,0.369,0.362,0.357,0.352,0.349,0.344,0.339,0.334,0.33,0.326,0.322,0.317,0.313,0.31,0.308,0.306,0.305,0.304,0.301,0.3,0.2
99,0.297,0.294,0.291,0.29,0.289,0.289,0.288,0.287,0.286,0.285,0.283,0.281,0.278,0.276,0.274,0.272,0.271,0.271,0.271,0.271,0.271,0.27,0.268,0.267,0.266,0.2
67,0.271,0.28,0.294,0.316,0.346,0.383,0.42,0.457,0.5,0.544,0.587,0.625,0.657,0.683,0.703,0.717,0.723,0.725,0.723,0.718,0.711,0.701,0.691,0.68,0.669,0.656,0
.642,0.628,0.613,0.597,0.583,0.571,0.56,0.548,0.538,0.528,0.519,0.51,0.502,0.495,0.488,0.482,0.476,0.47,0.465,0.459,0.453,0.445,0.437,0.428,0.421,0.413,0.4
08,0.401,0.394,0.387,0.382,0.377,0.372,0.367,0.361,0.356,0.351,0.346,0.342,0.339,0.336,0.332,0.33,0.329,0.326,0.325,0.323,0.321,0.319,0.318,0.317,0.315,0.
314,0.311,0.308,0.305,0.303,0.3,0.296,0.292,0.289,0.286,0.285,0.285,0.285,0.284,0.284,0.283,0.283,0.283,0.283,0.283,0.283,0.286,0.294,0.309,0.33,0.36,0.39
7,0.439,0.477,0.514,0.555,0.595,0.632,0.667,0.694,0.716,0.73,0.74,0.745,0.745,0.741,0.734,0.725,0.715,0.702,0.69,0.676,0.664,0.649,0.633,0.618,0.602,0.587,
0.574,0.562,0.55,0.54,0.53,0.522,0.514,0.505,0.499,0.491,0.482,0.473,0.465,0.458,0.453,0.446,0.439,0.431,0.423,0.414,0.406,0.396,0.388,0.38,0.374,0.37,0.36
5,0.361,0.356,0.35,0.345,0.34,0.335,0.331,0.328,0.326,0.325,0.324,0.324,0.323,0.322,0.32,0.317,0.313,0.31,0.306,0.302,0.298,0.295,0.293,0.292,0.291,0.29,0.
288,0.285,0.283,0.28,0.278,0.275,0.273,0.272,0.271,0.272,0.273,0.273,0.273,0.274,0.276,0.282,0.293,0.312,0.337,0.37,0.408,0.444,0.48,0.522,0.565,0.605,0.6
41,0.673,0.698,0.717,0.729,0.736,0.737,0.734,0.728,0.72,0.71,0.699,0.688,0.675,0.663,0.649,0.633,0.618,0.601,0.586,0.572,0.56,0.548,0.538,0.526,0.516,0.50
6,0.499,0.49,0.482,0.474,0.465,0.456,0.449,0.442,0.434,0.425,0.416,0.408,0.401,0.394,0.387,0.379,0.371,0.363,0.356,0.349,0.342,0.335,0.329,0.325,0.321,0.3
17,0.313,0.309,0.305,0.301,0.297,0.294,0.291,0.288,0.284,0.282,0.279,0.277,0.276,0.273,0.271,0.268,0.266,0.264,0.263,0.261,0.259,0.256,0.254,0.252,0.251,0
.25,0.249,0.248,0.247,0.246,0.245,0.245,0.243,0.241,0.24,0.242,0.248,0.259,0.279,0.305,0.339,0.379,0.417,0.455,0.497,0.54,0.583,0.62,0.651,0.675,0.694,0.70
7,0.715,0.717,0.716,0.711,0.703,0.692,0.679,0.666,0.651,0.637,0.623,0.609,0.594,0.578,0.562,0.547,0.535,0.522,0.509,0.499,0.49,0.482,0.475,0.468,0.461,0.4
55,0.448,0.442,0.435,0.429,0.42,0.412,0.403,0.395,0.388,0.381,0.374,0.368,0.362,0.355,0.349,0.343,0.337,0.331,0.326,0.32,0.315,0.311,0.308,0.306,0.304,0.3
01,0.298,0.296,0.294,0.29,0.286,0.283,0.278,0.275,0.272,0.27,0.269,0.269,0.269,0.269,0.269,0.268,0.267,0.265,0.263,0.26,0.257,0.255,0.252,0.249,0.247,0.24
5,0.244,0.242,0.24,0.239,0.24,0.244,0.252,0.265,0.285,0.313,0.347,0.387,0.425,0.462,0.503,0.546,0.586,0.622,0.651,0.674,0.691,0.702,0.707,0.708,0.704,0.69
7,0.69,0.68,0.67,0.656,0.641,0.626,0.61,0.593,0.578,0.563,0.549,0.538,0.528,0.517,0.507,0.497,0.489,0.482,0.477,0.471,0.465,0.459,0.452,0.445,0.439,0.431,0
.424,0.416,0.41,0.404,0.399,0.394,0.388,0.382,0.375,0.367,0.361,0.355,0.349,0.343,0.338,0.333,0.329,0.326,0.324,0.321,0.318,0.316,0.314,0.313,0.311,0.309,
0.307,0.305,0.302,0.3,0.297,0.294,0.292,0.289,0.286,0.283,0.283,0.28,0.278,0.28,0.283,0.285,0.286,0.285,0.284,0.283,0.28,0.279,0.277,0.276,0.275,0.276,0.28
,0.286,0.3,0.32,0.347,0.382,0.423,0.47,0.512,0.551,0.593,0.635,0.673,0.705,0.729,0.747,0.758,0.763,0.764,0.761,0.757,0.748,0.738,0.727,0.715,0.7,0.684,0.66
8,0.651,0.633,0.617,0.601,0.587,0.576,0.564,0.554,0.544,0.536,0.528,0.519,0.511,0.503,0.497,0.489,0.481,0.473,0.465,0.457,0.45,0.442,0.433,0.424,0.416,0.4
08,0.4,0.392,0.385,0.377,0.371,0.367,0.36,0.353,0.347,0.341,0.336,0.332,0.33,0.328,0.326,0.325,0.323,0.321,0.319,0.316,0.313,0.309,0.305,0.301,0.298,0.294,
0.291,0.288,0.286,0.286,0.286,0.286,0.286,0.285,0.283,0.283,0.281,0.28,0.278,0.277,0.274,0.273,0.272,0.271,0.271,0.273,0.28,0.291,0.312,0.34,0.375,0.416,0.
463,0.512,0.555,0.593,0.633,0.671,0.703,0.729,0.748,0.761,0.768,0.77,0.768,0.763,0.757,0.747,0.736,0.723,0.71,0.695,0.679,0.664,0.646,0.629,0.612,0.595,0.
582,0.57,0.559,0.549,0.542,0.534,0.526,0.517,0.509,0.501,0.494,0.485,0.475,0.467,0.459,0.451,0.441,0.432,0.422,0.413,0.406,0.397,0.389,0.381,0.373,0.369,0
.364,0.359,0.353,0.348,0.342,0.337,0.332,0.328,0.325,0.322,0.319,0.316,0.314,0.312,0.31,0.307,0.305,0.303,0.301,0.299,0.296,0.293,0.29,0.287,0.286,0.286,0.
284,0.283,0.281,0.279,0.277,0.276,0.275,0.274,0.272,0.27,0.267,0.266,0.265,0.265,0.266,0.271,0.282,0.298,0.323,0.356,0.395,0.439,0.487,0.53,0.569,0.61,0.6
5,0.684,0.713,0.734,0.749,0.757,0.76,0.759,0.755,0.747,0.738,0.727,0.716,0.703,0.687,0.672,0.655,0.638,0.622,0.605,0.589,0.574,0.56,0.548,0.538,0.528,0.51
9,0.511,0.503,0.497,0.49,0.482,0.473,0.459,0.444,0.432,0.423,0.413,0.405,0.395,0.386,0.378,0.37,0.364,0.357,0.351,0.344,0.339,0.334,0.328,0.322,0.317,0.31
1,0.306,0.302,0.299,0.297,0.295,0.293,0.29,0.288,0.286,0.283,0.28,0.277,0.273,0.27,0.268,0.265,0.262,0.259,0.257,0.256,0.256,0.254,0.252,0.249,0.247,0.244,
0.242,0.24,0.239,0.239,0.239,0.238,0.237,0.236,0.235,0.235,0.238,0.247,0.265,0.29,0.324,0.365,0.411,0.458,0.5,0.538,0.577,0.612,0.642,0.667,0.684,0.696,0.7
03,0.705,0.703,0.698,0.69,0.681,0.671,0.658,0.644,0.63,0.615,0.599,0.584,0.569,0.554,0.54,0.526,0.515,0.505,0.496,0.487,0.479,0.472,0.465,0.458,0.452,0.44
5,0.438,0.431,0.423,0.416,0.41,0.403,0.395,0.388,0.38,0.372,0.365,0.359,0.353,0.347,0.342,0.337,0.333,0.329,0.326,0.321,0.317,0.313,0.309,0.304,0.3,0.296,0
.293,0.29,0.288,0.285,0.283,0.279,0.275,0.272,0.27,0.269,0.267,0.266,0.264,0.263,0.262,0.262,0.262,0.261,0.26,0.258,0.256,0.253,0.251,0.249,0.247,0.246,0.2
47,0.247,0.248,0.25,0.254,0.263,0.278,0.298,0.327,0.364,0.407,0.454,0.506,0.55,0.582,0.616,0.647,0.674,0.693,0.708,0.716,0.719,0.717,0.713,0.705,0.695,0.6
85,0.674,0.662,0.649,0.635,0.621,0.607,0.593,0.581,0.568,0.555,0.543,0.532,0.522,0.512,0.503,0.495,0.486,0.479,0.472,0.465,0.457,0.451,0.443,0.436,0.43,0.
422,0.415,0.408,0.401,0.394,0.387,0.379,0.372,0.365,0.358,0.351,0.346,0.342,0.338,0.335,0.332,0.329,0.326,0.324,0.32,0.315,0.311,0.307,0.304,0.301,0.299,0
.297,0.295,0.293,0.29,0.287,0.284,0.281,0.278,0.275,0.273,0.272,0.273,0.273,0.273,0.273,0.273,0.273,0.272,0.271,0.27,0.268,0.266,0.266,0.268,0.271,0.278,0.
289,0.313,0.346,0.383,0.424,0.47,0.518,0.566,0.611,0.647,0.675,0.704,0.728,0.746,0.759,0.766,0.768,0.767,0.761,0.753,0.742,0.73,0.717,0.704,0.689,0.674,0.
659,0.643,0.628,0.612,0.597,0.584,0.571,0.559,0.55,0.542,0.53,0.519,0.512,0.505,0.499,0.492,0.485,0.477,0.469,0.46,0.452,0.443,0.433,0.424,0.415,0.408,0.4,
0.392,0.384,0.377,0.37,0.365,0.359,0.354,0.35,0.347,0.342,0.338,0.334,0.33,0.326,0.322,0.318,0.314,0.311,0.31,0.309,0.308,0.307,0.305,0.303,0.3,0.296,0.293
,0.29,0.287,0.284,0.283,0.283,0.282,0.281,0.281,0.279,0.278,0.276,0.273,0.271,0.269,0.268,0.267,0.269,0.274,0.283,0.297,0.319,0.348,0.384,0.427,0.473,0.52
1,0.569,0.614,0.65,0.679,0.708,0.731,0.749,0.76,0.764,0.765,0.761,0.756,0.747,0.736,0.724,0.712,0.699,0.685,0.671,0.655,0.638,0.623,0.606,0.59,0.576,0.563,
0.551,0.541,0.532,0.524,0.515,0.507,0.499,0.49,0.481,0.472,0.463,0.456,0.447,0.439,0.431,0.425,0.418,0.411,0.403,0.395,0.387,0.379,0.372,0.366,0.359,0.353
,0.349,0.344,0.34,0.335,0.331,0.326,0.322,0.317,0.315,0.313,0.31,0.307,0.303,0.301,0.298,0.295,0.292,0.289,0.286,0.284,0.282,0.28,0.279,0.277,0.274,0.273,0
.272,0.27,0.267,0.265,0.262,0.26,0.258,0.255,0.252,0.25,0.249,0.249,0.251,0.257,0.269,0.287,0.314,0.349,0.391,0.439,0.489,0.538,0.583,0.624,0.654,0.677,0.7
,0.719,0.734,0.744,0.749,0.749,0.745,0.737,0.726,0.714,0.699,0.684,0.67,0.654,0.637,0.621,0.605,0.589,0.576,0.562,0.549,0.538,0.528,0.519,0.511,0.504,0.49
8,0.49,0.482,0.474,0.466,0.458,0.451,0.443,0.434,0.424,0.416,0.409,0.401,0.394,0.386,0.38,0.373,0.368,0.363,0.356,0.349,0.341,0.334,0.33,0.326,0.323,0.319,
0.317,0.315,0.313,0.31,0.306,0.302,0.298,0.295,0.293,0.291,0.289,0.287,0.285,0.283,0.283,0.283,0.282,0.281,0.278,0.276,0.274,0.273,0.271,0.269,0.267,0.265
,0.262,0.26,0.257,0.255,0.253,0.252,0.254,0.258,0.267,0.281,0.302,0.33,0.366,0.407,0.452,0.497,0.541,0.582,0.617,0.644,0.664,0.681,0.695,0.704,0.708,0.708,
0.704,0.698,0.69,0.679,0.668,0.657,0.645,0.632,0.619,0.604,0.589,0.575,0.56,0.546,0.534,0.523,0.512,0.502,0.496,0.49,0.484,0.479,0.473,0.467,0.461,0.456,0.
448,0.439,0.43,0.422,0.415,0.41,0.404,0.397,0.391,0.385,0.379,0.373,0.369,0.363,0.358,0.353,0.348,0.344,0.342,0.339,0.336,0.334,0.331,0.328,0.326,0.322,0.
318,0.314,0.311,0.308,0.306,0.304,0.302,0.299,0.296,0.294,0.292,0.29,0.289,0.289,0.289,0.288,0.288,0.288,0.287,0.285,0.284,0.284,0.284,0.283,0.283,0.282,0
.282,0.283,0.287,0.295,0.309,0.33,0.36,0.397,0.44,0.487,0.534,0.58,0.623,0.66,0.691,0.714,0.728,0.74,0.748,0.751,0.749,0.744,0.736,0.726,0.715,0.703,0.689,
0.672,0.655,0.643,0.629,0.614,0.598,0.585,0.572,0.559,0.547,0.537,0.528,0.519,0.511,0.503,0.496,0.489,0.482,0.476,0.469,0.461,0.454,0.446,0.437,0.427,0.41
9,0.412,0.405,0.398,0.391,0.385,0.378,0.372,0.368,0.362,0.357,0.351,0.346,0.343,0.34,0.337,0.333,0.329,0.326,0.322,0.318,0.315,0.313,0.311,0.309,0.309,0.3
08,0.306,0.303,0.299,0.295,0.292,0.289,0.286,0.283,0.283,0.281,0.279,0.279,0.278,0.278,0.278,0.277,0.275,0.273,0.271,0.27,0.271,0.273,0.28,0.289,0.304,0.3
26,0.358,0.396,0.439,0.485,0.533,0.581,0.625,0.664,0.696,0.72,0.735,0.743,0.746,0.746,0.742,0.735,0.725,0.716,0.706,0.695,0.683,0.671,0.658,0.645,0.63,0.6
15,0.6,0.586,0.573,0.56,0.548,0.537,0.526,0.516,0.508,0.501,0.494,0.487,0.481,0.473,0.465,0.456,0.449,0.44,0.431,0.422,0.413,0.407,0.4,0.392,0.382,0.373,0.
368,0.362,0.356,0.351,0.347,0.343,0.34,0.336,0.333,0.33,0.326,0.323,0.319,0.315,0.312,0.308,0.305,0.303,0.301,0.298,0.297,0.295,0.292,0.289,0.287,0.284,0.
283,0.28,0.277,0.275,0.272,0.27,0.269,0.269,0.269,0.267,0.265,0.262,0.26,0.257,0.255,0.254,0.255,0.261,0.271,0.285,0.304,0.332,0.368,0.409,0.454,0.5,0.545,
0.587,0.627,0.659,0.685,0.703,0.713,0.719,0.721,0.72,0.717,0.71,0.701,0.692,0.68,0.669,0.655,0.641,0.627,0.614,0.598,0.583,0.567,0.551,0.539,0.527,0.517,0.
508,0.5,0.493,0.487,0.481,0.475,0.468,0.461,0.454,0.446,0.438,0.43,0.422,0.413,0.405,0.395,0.386,0.379,0.371,0.364,0.356,0.35,0.344,0.338,0.333,0.329,0.32
6,0.324,0.322,0.32,0.318,0.317,0.314,0.312,0.31,0.307,0.303,0.299,0.295,0.292,0.289,0.287,0.285,0.283,0.282,0.28,0.277,0.274,0.271,0.269,0.266,0.264,0.261,
0.26,0.259,0.257,0.256,0.255,0.254,0.253,0.251,0.249,0.249,0.252,0.26,0.274,0.291,0.314,0.345,0.383,0.426,0.471,0.517,0.56,0.6,0.634,0.662,0.683,0.696,0.70
3,0.707,0.708,0.705,0.698,0.689,0.678,0.667,0.655,0.642,0.63,0.615,0.601,0.587,0.574,0.559,0.545,0.534,0.523,0.513,0.505,0.498,0.491,0.484,0.478,0.473,0.4
67,0.46,0.455,0.449,0.442,0.434,0.426,0.419,0.413,0.406,0.399,0.392,0.386,0.379,0.373,0.368,0.363,0.357,0.353,0.348,0.344,0.34,0.337,0.334,0.332,0.329,0.3
27,0.325,0.322,0.319,0.317,0.313,0.31,0.306,0.302,0.3,0.299,0.296,0.295,0.294,0.293,0.293,0.293,0.292,0.29,0.288,0.286,0.283,0.283,0.283,0.283,0.283,0.283,
0.282,0.281,0.281,0.282,0.285,0.293,0.308,0.326,0.348,0.38,0.419,0.463,0.51,0.558,0.604,0.645,0.681,0.713,0.737,0.751,0.758,0.761,0.762,0.761,0.756,0.749,
0.739,0.726,0.711,0.694,0.677,0.66,0.646,0.632,0.62,0.606,0.593,0.582,0.569,0.557,0.547,0.538,0.529,0.521,0.513,0.506,0.5,0.493,0.485,0.476,0.467,0.457,0.4
48,0.438,0.427,0.418,0.411,0.404,0.398,0.392,0.387,0.382,0.378,0.372,0.368,0.362,0.357,0.351,0.346,0.341,0.338,0.336,0.334,0.333,0.331,0.329,0.326,0.323,0
.32,0.315,0.31,0.305,0.302,0.299,0.296,0.295,0.294,0.293,0.293,0.293,0.293,0.292,0.292,0.29,0.288,0.287,0.286,0.285,0.283,0.281,0.279,0.278,0.28,0.285,0.29
6,0.314,0.339,0.367,0.397,0.437,0.481,0.528,0.574,0.618,0.657,0.691,0.719,0.74,0.756,0.765,0.768,0.767,0.764,0.759,0.75,0.739,0.725,0.711,0.695,0.679,0.66
4,0.649,0.636,0.623,0.61,0.597,0.585,0.572,0.56,0.549,0.54,0.531,0.521,0.512,0.504,0.494,0.486,0.479,0.471,0.463,0.456,0.448,0.439,0.43,0.423,0.416,0.41,0.
404,0.397,0.389,0.381,0.373,0.365,0.357,0.35,0.344,0.339,0.334,0.331,0.328,0.326,0.325,0.323,0.32,0.317,0.314,0.312,0.309,0.306,0.302,0.299,0.295,0.293,0.
291,0.289,0.287,0.285,0.283,0.282,0.281,0.279,0.277,0.275,0.273,0.27,0.268,0.267,0.265,0.262,0.259,0.257,0.258,0.263,0.274,0.29,0.315,0.347,0.379,0.413,0.
456,0.501,0.548,0.593,0.634,0.671,0.7,0.723,0.739,0.748,0.751,0.75,0.746,0.739,0.731,0.722,0.712,0.7,0.686,0.671,0.653,0.635,0.618,0.603,0.589,0.577,0.565,
0.553,0.543,0.53,0.515,0.504,0.494,0.484,0.474,0.466,0.458,0.452,0.444,0.436,0.428,0.42,0.412,0.403,0.394,0.384,0.376,0.37,0.364,0.36,0.355,0.35,0.346,0.34
1,0.335,0.33,0.326,0.321,0.316,0.312,0.309,0.307,0.304,0.301,0.297,0.293,0.29,0.287,0.284,0.283,0.28,0.277,0.275,0.273,0.271,0.269,0.267,0.265,0.264,0.263,
0.262,0.26,0.258,0.256,0.254,0.253,0.252,0.25,0.248,0.247,0.246,0.246,0.248,0.254,0.265,0.283,0.309,0.342,0.375,0.411,0.453,0.498,0.542,0.584,0.621,0.65,0.
674,0.69,0.701,0.707,0.708,0.705,0.7,0.693,0.684,0.674,0.663,0.651,0.639,0.626,0.612,0.596,0.58,0.564,0.55,0.536,0.523,0.512,0.502,0.495,0.489,0.483,0.476,
0.47,0.463,0.457,0.453,0.446,0.439,0.432,0.424,0.416,0.41,0.403,0.397,0.39,0.382,0.375,0.37,0.366,0.362,0.357,0.353,0.349,0.345,0.34,0.335,0.33,0.326,0.323
,0.322,0.32,0.318,0.316,0.314,0.311,0.309,0.306,0.302,0.299,0.296,0.292,0.289,0.287,0.286,0.285,0.284,0.284,0.283,0.283,0.283,0.283,0.283,0.283,0.283,0.28
3,0.283,0.283,0.281,0.279,0.278,0.279,0.288,0.3,0.314,0.336,0.381,0.426,0.455,0.487,0.526,0.568,0.609,0.645,0.679,0.706,0.72,0.73,0.733,0.733,0.731,0.726,0
.719,0.711,0.701,0.69,0.674,0.66,0.649,0.635,0.621,0.605,0.591,0.579,0.563,0.549,0.541,0.533,0.525,0.517,0.509,0.501,0.493,0.485,0.48,0.474,0.465,0.456,0.4
5,0.442,0.431,0.422,0.415,0.409,0.401,0.394,0.386,0.38,0.373,0.368,0.364,0.36,0.355,0.348,0.344,0.34,0.335,0.329,0.326,0.322,0.319,0.316,0.315,0.312,0.309,
0.307,0.305,0.301,0.297,0.294,0.292,0.29,0.288,0.286,0.285,0.283,0.283,0.283,0.282,0.281,0.28,0.278,0.277,0.275,0.275,0.277,0.277,0.277,0.277,0.28,0.286,0.
299,0.318,0.345,0.379,0.42,0.459,0.499,0.542,0.587,0.628,0.664,0.695,0.718,0.737,0.749,0.757,0.76,0.758,0.753,0.745,0.735,0.723,0.711,0.697,0.682,0.667,0.
651,0.635,0.62,0.604,0.589,0.577,0.563,0.551,0.541,0.532,0.524,0.515,0.507,0.5,0.492,0.483,0.474,0.466,0.459,0.453,0.446,0.437,0.428,0.419,0.411,0.403,0.3
96,0.388,0.38,0.373,0.369,0.363,0.358,0.353,0.348,0.343,0.34,0.336,0.332,0.329,0.326,0.322,0.319,0.316,0.313,0.309,0.306,0.302,0.299,0.297,0.294,0.292,0.2
89,0.287,0.285,0.284,0.283,0.282,0.28,0.279,0.277,0.276,0.275,0.273,0.272,0.27,0.268,0.267,0.267,0.267,0.268,0.27,0.277,0.288,0.306,0.331,0.363,0.402,0.44
7,0.488,0.526,0.568,0.609,0.646,0.678,0.705,0.724,0.738,0.745,0.747,0.745,0.739,0.73,0.72,0.708,0.694,0.679,0.665,0.648,0.631,0.616,0.6,0.585,0.572,0.56,0.
55,0.541,0.531,0.52,0.51,0.5,0.491,0.481,0.473,0.465,0.459,0.453,0.447,0.441,0.434,0.426,0.416,0.407,0.397,0.387,0.377,0.369,0.362,0.355,0.35,0.346,0.341,0
.336,0.332,0.328,0.325,0.321,0.319,0.316,0.314,0.311,0.309,0.307,0.303,0.298,0.293,0.288,0.284,0.282,0.28,0.279,0.278,0.277,0.275,0.274,0.273,0.271,0.269,
0.267,0.264,0.262,0.259,0.256,0.254,0.252,0.25,0.25,0.249,0.249,0.249,0.25,0.254,0.263,0.277,0.296,0.325,0.36,0.402,0.448,0.489,0.526,0.566,0.604,0.638,0.6
66,0.687,0.703,0.713,0.717,0.717,0.712,0.705,0.696,0.686,0.675,0.663,0.649,0.635,0.62,0.604,0.588,0.573,0.557,0.543,0.532,0.522,0.511,0.502,0.494,0.486,0.
479,0.472,0.465,0.458,0.453,0.446,0.44,0.434,0.427,0.42,0.413,0.407,0.399,0.39,0.381,0.373,0.367,0.36,0.353,0.348,0.344,0.34,0.335,0.332,0.33,0.328,0.327,0
.326,0.324,0.32,0.317,0.314,0.312,0.309,0.305,0.301,0.298,0.296,0.294,0.293,0.291,0.289,0.286,0.284,0.283,0.283,0.282,0.28,0.279,0.278,0.277,0.277,0.276,0.
275,0.273,0.271,0.27,0.27,0.269,0.27,0.273,0.28,0.291,0.31,0.335,0.369,0.407,0.449,0.493,0.531,0.564,0.598,0.63,0.658,0.681,0.699,0.712,0.718,0.72,0.718,0.
713,0.705,0.695,0.684,0.673,0.66,0.647,0.633,0.619,0.604,0.589,0.576,0.563,0.551,0.542,0.534,0.527,0.52,0.513,0.505,0.498,0.49,0.482,0.475,0.469,0.462,0.4
56,0.45,0.443,0.436,0.428,0.42,0.413,0.407,0.4,0.394,0.387,0.381,0.374,0.37,0.367,0.362,0.357,0.352,0.347,0.342,0.337,0.333,0.33,0.328,0.326,0.326,0.325,0.
325,0.325,0.326,0.328,0.334,0.344,0.361,0.381,0.407,0.436,0.466,0.492,0.515,0.538,0.559,0.576,0.589,0.599,0.605,0.607,0.605,0.599,0.59,0.58,0.569,0.555,0.
541,0.526,0.511,0.499,0.486,0.474,0.462,0.453,0.443,0.436,0.431,0.426,0.423,0.42,0.417,0.414,0.411,0.408,0.404,0.399,0.394,0.388,0.383,0.377,0.371,0.367,0
.361,0.356,0.351,0.346,0.34,0.335,0.331,0.326,0.324,0.321,0.318,0.316,0.314,0.313,0.312,0.311,0.31,0.307,0.304,0.3,0.296,0.293,0.292,0.291,0.291,0.291,0.29
,0.289,0.287,0.285,0.283,0.282,0.281,0.28,0.28,0.279,0.278,0.277,0.276,0.276,0.275,0.274,0.273,0.273,0.273,0.273,0.274,0.275,0.275,0.275,0.276,0.276,0.275,
0.273,0.271,0.27,0.269,0.268,0.269,0.27,0.27,0.271,0.271,0.272,0.272,0.271,0.269,0.267,0.266,0.266,0.269,0.277,0.289,0.31,0.341,0.381,0.429,0.483,0.54,0.59
5,0.648,0.695,0.734,0.762,0.77,0.768,0.769,0.768,0.766,0.761,0.752,0.741,0.728,0.716,0.702,0.688,0.674,0.662,0.648,0.633,0.62,0.606,0.593,0.582,0.572,0.56
3,0.555,0.547,0.541,0.534,0.527,0.518,0.508,0.499,0.49,0.48,0.47,0.461,0.453,0.444,0.435,0.426,0.418,0.41,0.401,0.392,0.384,0.377,0.371,0.365,0.359,0.354,0
.349,0.345,0.342,0.338,0.334,0.331,0.327,0.325,0.321,0.318,0.315,0.312,0.309,0.307,0.306,0.304,0.303,0.301,0.298,0.294,0.289,0.285,0.281,0.278,0.275,0.273
,0.272,0.271,0.27,0.269,0.267,0.266,0.265,0.263,0.262,0.26,0.258,0.256,0.255,0.255,0.258,0.265,0.277,0.294,0.32,0.351,0.386,0.426,0.466,0.506,0.544,0.575,0
.599,0.622,0.639,0.652,0.661,0.665,0.665,0.662,0.656,0.649,0.639,0.63,0.619,0.607,0.594,0.581,0.566,0.552,0.54,0.528,0.516,0.505,0.495,0.486,0.478,0.471,0.
465,0.458,0.453,0.447,0.441,0.434,0.428,0.422,0.415,0.407,0.4,0.392,0.384,0.377,0.37,0.364,0.358,0.352,0.347,0.341,0.337,0.332,0.328,0.326,0.324,0.32,0.31
6,0.312,0.308,0.305,0.303,0.301,0.298,0.295,0.292,0.289,0.287,0.285,0.283,0.281,0.279,0.277,0.276,0.274,0.272,0.269,0.266,0.263,0.262,0.262,0.262,0.262,0.
261,0.26,0.258,0.255,0.253,0.251,0.249,0.248,0.249,0.253,0.261,0.274,0.293,0.322,0.356,0.396,0.438,0.481,0.523,0.562,0.596,0.621,0.639,0.655,0.668,0.675,0
.678,0.678,0.674,0.669,0.66,0.65,0.639,0.629,0.617,0.605,0.591,0.578,0.564,0.55,0.537,0.524,0.513,0.503,0.496,0.488,0.481,0.474,0.468,0.462,0.456,0.451,0.4
44,0.438,0.431,0.424,0.417,0.41,0.403,0.396,0.388,0.38,0.372,0.366,0.36,0.354,0.35,0.346,0.342,0.338,0.335,0.333,0.331,0.328,0.325,0.321,0.316,0.312,0.308,
0.305,0.302,0.3,0.299,0.298,0.297,0.295,0.293,0.291,0.29,0.288,0.287,0.285,0.283,0.281,0.278,0.276,0.274,0.273,0.272,0.271,0.271,0.271,0.27,0.269,0.267,0.2
67,0.267,0.269,0.274,0.282,0.295,0.314,0.34,0.371,0.409,0.449,0.491,0.531,0.568,0.601,0.629,0.648,0.661,0.671,0.676,0.677,0.675,0.671,0.663,0.654,0.644,0.
633,0.622,0.611,0.599,0.587,0.573,0.559,0.546,0.533,0.52,0.508,0.498,0.488,0.48,0.472,0.465,0.459,0.454,0.448,0.442,0.435,0.429,0.422,0.415,0.409,0.402,0.
395,0.389,0.384,0.378,0.371,0.364,0.357,0.35,0.344,0.339,0.334,0.331,0.328,0.326,0.325,0.322,0.319,0.316,0.314,0.312,0.31,0.307,0.305,0.302,0.298,0.295,0.
292,0.29,0.288,0.286,0.284,0.283,0.282,0.281,0.279,0.276,0.274,0.27,0.268,0.267,0.266,0.265,0.264,0.264,0.264,0.263,0.262,0.262,0.264,0.269,0.279,0.291,0.
309,0.333,0.366,0.403,0.444,0.486,0.527,0.567,0.602,0.631,0.655,0.671,0.679,0.685,0.688,0.689,0.686,0.68,0.673,0.664,0.652,0.639,0.626,0.612,0.599,0.587,0
.575,0.563,0.55,0.539,0.528,0.517,0.506,0.498,0.49,0.483,0.476,0.47,0.464,0.457,0.451,0.443,0.435,0.428,0.42,0.413,0.405,0.397,0.389,0.383,0.376,0.37,0.363
,0.357,0.351,0.346,0.341,0.336,0.332,0.328,0.324,0.32,0.317,0.314,0.312,0.31,0.308,0.306,0.304,0.302,0.3,0.298,0.295,0.293,0.291,0.289,0.286,0.283,0.281,0.
278,0.276,0.275,0.274,0.273,0.272,0.27,0.269,0.268,0.266,0.264,0.261,0.259,0.257,0.256,0.257,0.26,0.266,0.278,0.294,0.314,0.337,0.369,0.405,0.444,0.484,0.
524,0.56,0.591,0.618,0.638,0.654,0.663,0.667,0.668,0.666,0.661,0.653,0.644,0.634,0.623,0.611,0.599,0.586,0.571,0.557,0.553,0.553,0.545,0.535,0.524,0.514,0
.505,0.497,0.489,0.481,0.473,0.466,0.46,0.453,0.445,0.437,0.429,0.421,0.413,0.406,0.399,0.392,0.385,0.378,0.372,0.367,0.36,0.352,0.344,0.336,0.329,0.323,0.
318,0.313,0.31,0.307,0.305,0.303,0.301,0.298,0.295,0.292,0.289,0.285,0.283,0.279,0.276,0.273,0.271,0.27,0.268,0.266,0.264,0.261,0.259,0.257,0.255,0.254,0.
253,0.253,0.252,0.252,0.252,0.25,0.248,0.245,0.241,0.238,0.236,0.237,0.242,0.255,0.276,0.298,0.326,0.362,0.404,0.45,0.497,0.541,0.581,0.616,0.644,0.666,0.
681,0.692,0.697,0.697,0.695,0.69,0.683,0.674,0.664,0.652,0.638,0.624,0.608,0.592,0.579,0.565,0.551,0.539,0.526,0.514,0.503,0.494,0.485,0.477,0.47,0.463,0.
457,0.453,0.448,0.442,0.435,0.428,0.419,0.41,0.401,0.392,0.384,0.377,0.371,0.367,0.362,0.358,0.354,0.349,0.345,0.341,0.336,0.331,0.326,0.322,0.317,0.314,0
.312,0.311,0.31,0.308,0.307,0.304,0.301,0.297,0.293,0.29,0.287,0.285,0.284,0.283,0.283,0.282,0.279,0.277,0.274,0.273,0.272,0.271,0.27,0.269,0.268,0.267,0.2
66,0.265,0.262,0.26,0.259,0.261,0.266,0.277,0.294,0.32,0.352,0.385,0.419,0.461,0.505,0.55,0.592,0.63,0.663,0.688,0.708,0.72,0.727,0.729,0.727,0.722,0.715,0
.705,0.693,0.68,0.666,0.651,0.637,0.623,0.608,0.593,0.579,0.566,0.552,0.539,0.527,0.517,0.508,0.5,0.492,0.484,0.476,0.468,0.46,0.455,0.448,0.441,0.433,0.42
6,0.418,0.411,0.402,0.393,0.385,0.377,0.37,0.364,0.359,0.353,0.348,0.342,0.337,0.331,0.326,0.322,0.317,0.314,0.311,0.307,0.305,0.303,0.3,0.298,0.295,0.293,
0.291,0.289,0.286,0.283,0.28,0.276,0.274,0.274,0.274,0.274,0.274,0.273,0.272,0.27,0.272,0.276,0.277,0.277,0.277,0.277,0.277,0.277,0.277,0.277,0.281,0.287,
0.301,0.323,0.353,0.39,0.434,0.474,0.514,0.557,0.601,0.641,0.675,0.704,0.726,0.741,0.75,0.754,0.753,0.748,0.74,0.731,0.72,0.708,0.695,0.68,0.664,0.648,0.63
2,0.618,0.603,0.589,0.578,0.567,0.556,0.544,0.534,0.523,0.513,0.504,0.497,0.49,0.483,0.476,0.469,0.462,0.456,0.448,0.439,0.43,0.421,0.413,0.406,0.398,0.39,
0.382,0.376,0.37,0.367,0.362,0.356,0.351,0.346,0.341,0.336,0.333,0.329,0.326,0.322,0.319,0.316,0.313,0.311,0.308,0.306,0.303,0.3,0.296,0.292,0.289,0.286,0.
283,0.283,0.281,0.28,0.278,0.277,0.275,0.273,0.271,0.269,0.267,0.264,0.261,0.26,0.259,0.258,0.259,0.262,0.269,0.281,0.299,0.324,0.356,0.394,0.436,0.482,0.
522,0.559,0.598,0.635,0.667,0.693,0.712,0.725,0.732,0.734,0.731,0.724,0.716,0.705,0.693,0.68,0.666,0.652,0.637,0.623,0.608,0.592,0.579,0.565,0.552,0.542,0
.532,0.522,0.512,0.504,0.497,0.49,0.483,0.476,0.468,0.46,0.452,0.445,0.437,0.428,0.418,0.41,0.4,0.391,0.382,0.374,0.368,0.361,0.353,0.346,0.34,0.336,0.332,
0.328,0.325,0.323,0.321,0.319,0.318,0.316,0.313,0.309,0.306,0.304,0.3,0.296,0.292,0.289,0.286,0.283,0.282,0.28,0.277,0.275,0.272,0.271,0.269,0.268,0.266,0.
265,0.264,0.263,0.262,0.26,0.258,0.256,0.253,0.252,0.251,0.25,0.252,0.258,0.27,0.288,0.315,0.348,0.389,0.433,0.48,0.527,0.566,0.599,0.632,0.662,0.685,0.70
2,0.713,0.718,0.718,0.716,0.709,0.7,0.69,0.679,0.666,0.652,0.638,0.623,0.608,0.592,0.578,0.563,0.55,0.539,0.528,0.519,0.512,0.504,0.498,0.49,0.482,0.473,0.
465,0.457,0.452,0.445,0.438,0.432,0.426,0.419,0.412,0.404,0.397,0.389,0.382,0.376,0.37,0.365,0.36,0.355,0.352,0.347,0.342,0.337,0.332,0.328,0.326,0.324,0.
322,0.32,0.317,0.315,0.313,0.311,0.308,0.304,0.3,0.297,0.294,0.292,0.291,0.29,0.289,0.288,0.288,0.288,0.287,0.287,0.287,0.286,0.286,0.285,0.283,0.282,0.28,
0.277,0.275,0.274,0.275,0.28,0.288,0.304,0.327,0.36,0.398,0.441,0.487,0.533,0.576,0.611,0.638,0.667,0.691,0.711,0.724,0.733,0.736,0.735,0.731,0.723,0.715,
0.704,0.693,0.68,0.667,0.652,0.636,0.62,0.605,0.59,0.577,0.564,0.552,0.542,0.532,0.524,0.516,0.508,0.5,0.494,0.487,0.48,0.473,0.464,0.456,0.448,0.44,0.433,
0.426,0.419,0.412,0.404,0.396,0.387,0.378,0.371,0.366,0.36,0.354,0.35,0.347,0.343,0.34,0.336,0.332,0.329,0.326,0.323,0.319,0.317,0.315,0.313,0.311,0.309,0.
306,0.301,0.296,0.292,0.289,0.288,0.287,0.287,0.286,0.285,0.283,0.283,0.283,0.283,0.283,0.283,0.283,0.282,0.281,0.279,0.277,0.275,0.275,0.279,0.285,0.299,
0.32,0.349,0.386,0.429,0.475,0.523,0.57,0.614,0.652,0.68,0.701,0.717,0.729,0.737,0.74,0.741,0.738,0.733,0.725,0.716,0.704,0.691,0.677,0.664,0.648,0.632,0.6
17,0.601,0.587,0.574,0.562,0.55,0.541,0.532,0.525,0.518,0.511,0.503,0.496,0.488,0.479,0.47,0.461,0.453,0.444,0.433,0.423,0.415,0.409,0.402,0.395,0.389,0.3
82,0.375,0.37,0.365,0.36,0.354,0.349,0.345,0.341,0.336,0.332,0.327,0.324,0.319,0.316,0.313,0.311,0.309,0.307,0.306,0.304,0.302,0.299,0.296,0.293,0.291,0.2
89,0.288,0.286,0.285,0.283,0.282,0.281,0.281,0.28,0.278,0.275,0.273,0.271,0.269,0.268,0.268,0.267,0.269,0.274,0.283,0.298,0.322,0.352,0.391,0.435,0.482,0.
53,0.573,0.612,0.646,0.675,0.695,0.708,0.718,0.724,0.726,0.725,0.72,0.715,0.707,0.696,0.685,0.673,0.66,0.646,0.631,0.616,0.6,0.586,0.57,0.556,0.543,0.533,0
.523,0.514,0.506,0.499,0.492,0.484,0.475,0.466,0.457,0.45,0.441,0.433,0.424,0.415,0.405,0.396,0.388,0.379,0.371,0.366,0.36,0.354,0.349,0.344,0.338,0.332,0.
327,0.323,0.32,0.317,0.314,0.31,0.306,0.303,0.3,0.298,0.296,0.294,0.292,0.289,0.287,0.286,0.284,0.283,0.281
};
void setup() {
// put your setup code here, to run once:
Serial.begin(115200);
}
void loop() {
// preprocessing
//mean
int n=7500;
/*for(int i=0;i<n;i++){
Serial.print(i);
Serial.print(" ");
Serial.println(inreal[i]);
}// for plotting the original signal*/
double sum1=0;
for(int j=0;j<n;j++){
sum1=sum1+inreal[j];
}
//Serial.println(sum1);
//find mean
double mean=sum1/n;
//Serial.println(mean); //all clear
for(int i=0;i<n;i++)
{
inreal[i]=inreal[i]-mean;
}
/*for(int i=0;i<n;i++)
{
Serial.println( inreal[i]);
}*/
//find max value
double maxVal = inreal[0];
for (int i = 1; i < 7500; i++) {
if (inreal[i] > maxVal) {
maxVal = inreal[i];
}
}
Serial.println(maxVal); //fine
//normalise the signal
for(int j=0;j<n;j++){
inreal[j]=inreal[j]/maxVal;
//Serial.println(inreal[j]); //fine
}
//this is for coefficient calculation for resonator
double a1=-2*0.997*cos(0.3*2*PI);
double a2=0.997*0.997;
double b=(1-0.997)*sqrt(1+(0.997*0.997)-2*0.997*cos(2*0.3));
//resonator
double inrealn[7500]={};
for(int j=2;j<n;j++){
inrealn[j]=-a1*inrealn[j-1]-a2*inrealn[j-2]+b*inreal[j];
}
//dft
//double inmg[250]={};
double outreal[7500]={};
double outimg[7500]={};
double magi[7500]={};
dft(inrealn,outreal,outimg,magi,n);//works good
//Serial.println(magi[],6);
/*for(int i=0;i<n;i++){
//Serial.print(i);
//Serial.print(",");
Serial.println(magi[i],6); //
}// this is for plotting magnitude spectrum*/
//find maximum peak in spectrum
double fmaxi = -100000.00;
for (int i = 0; i < n; i++) {
fmaxi = maxi(magi[i],fmaxi);
//Serial.println(fmaxi);
// delay(10);
}
//find breathing rate
double resp_rate=fmaxi*60;
//Serial.println(resp_rate);
}
//for dft
void dft(const double inrealn[],double outreal[],double outimg[],double magi[],size_t n){//double
inmg is removed ass it is asumed to be 0
for (int k=0;k<n;k++){
double sumreal=0;
double sumimg=0;
for (int t=0;t<n;t++){
double angles=2*PI*t*k/n;
sumreal+=inrealn[t]*cos(angles);
sumimg+=-inrealn[t]*sin(angles);
}
outreal[k]=sumreal;
outimg[k]=sumimg;
magi[k]=sqrt(pow(outreal[k],2)+pow(outimg[k],2));
//Serial.println(k);
//Serial.println(',');
//Serial.println(magi[k],6); //works good
}
}
float maxi(float a, float b){
if(a>b){
return a;
}
else{
return b;
}
}
